P1 4 8 1 6 12 10 9 24 23 7 2 3 14 5=17 18 16 19 20 22 21
P2 1 23 24 4 3 13
P3 24 4 13 3 23 1 8 14 7 2 6 12 9 10 18 17 5 16 22 20 19 21
P4 3 2 4 6 7 12 8 9 10 13 14 1 22 5=16=17=18=19=20=21 23=24
P5 13 4 3 23 1 16 18 24 7 8 14 6 2 5 12 9 10 17 19 20 22 21
P6 10 9 12 13=14=22=24=23=8=7=6=4=2 16=17=19=18=20=21=5=3
P7 9 10 12 2=3=4 13 14 6=7=8 5=16=17=24 18=19=20=21=22 1=23
P8 25 10 9 8=7 1 4 2=3=13 14 12=6 23 5=16=17=18 22=24 19=20=21
P9 22 14=25 7=8=10
P10 4 8 25 3 7 2 6 12 14 13 9 10 24 22 23 1 17 5 18 16 20 19 21
P11 1 4 23 6=7=8=9=10=12=13=14=24=25 16=17=18 19=20=21=22
P12 4=23=24 3=13 14 2 25 6=7=8=9=10=12=22 5=16=17=18=19=20=21
P13 16 13 3 18 17 5 6 8 7 9 10 12 4 2 14
P14 3 4 13 8 7 6 14 2 1 9=10=12=24=25 5=16=17=18=19=20=21=22=23
P15 18 17 5 16 4 24 25 9 10 2=6=7=8=12=14 3=13 1=19=20=21=22=23
P16 4 25 3 2 10 1 24 6 12 8 9 7 23 14 13 5 17 16 18 19 21 20 22
P17 1=23 4=6=7=24=25 2=8=12=13 3=9=10=14 5=16=17=18=19=20 21
P18 3 13 18 17=5 2 6 24 14 4 16 12 8 7 22 10 9 23=1 21=20=19
P19 3 13 4 14 2 7 6 8 24 1 18 17 5 16 12 25 22 20 23 10 9 19 21
P20 9=10 6 3=13=14 8 7 2 1 4
P21 1=4=24 23 2=6=7=8=9=10=12=14=25 3=13=22 5=16=17=18 19=20 21
P22 4 3 13 8 9=10 12=6
P23 1 23 4 3=13 7=8=14 24 2 6 12 25 10 9 22 16=5=17=18 19 20 21
P24 18 12 25 9 8 17 5 10 1=2=4 14 3 13 6 7 24 16 20 19 23 22 21
P26 4 3 13 16 18 1 25 24 7 8 14 23 17 5 2 6 12
P27 24 25 6 3 2 4 12 8 7 13 14 9 10 18=17=16=5 22 19=20 21
P28 3 4 8 25 2 10 9 6 12 13 24 14 23 1 5 17 16 18 7 19 20 21 22
P29 4 8 24 13 7=14 25 1 3 2=6 12 9=10 22
P30 4 2 1=23=24 3=6=7=8=12=13=14=25 9=10 5=16=17=19=20=21=22
P31 25 3=4=7=8=9=14 13=2 6=10=12 24 1 17 16=18 5 19=20 22 23 21
